cost metrix: 1390099.29537
TNS: 41033.2469769999
TNSbyDisplace: 40653.5330890002
Power: 1013.225
Area: 718096032000
Util: 0
