cost metrix: 761188628.97072
TNS: 1368338.385872
TNSbyDisplace: 1175730.47387
Power: 279.928556000004
Area: 373472694000
Util: 0
