cost metrix: 765327280.1209
TNS: 1074489.25049
TNSbyDisplace: 893968.575418002
Power: 316.329808000006
Area: 376974864000
Util: 0
