cost metrix: 2583839.74372999
TNS: 184213.807652999
TNSbyDisplace: 183613.873753
Power: 439.77500000001
Area: 707239584000
Util: 0
