cost metrix: 759327512.51848
TNS: 1366132.405048
TNSbyDisplace: 1113615.134693
Power: 273.963234000004
Area: 372559131000
Util: 0
