cost metrix: 817888044.137336
TNS: 8347494.58233363
TNSbyDisplace: 8117526.0135616
Power: 206.979156999997
Area: 366999570000
Util: 0
