cost metrix: 754584852.360317
TNS: 246.474431724999
TNSbyDisplace: 0.246274000000312
Power: 316.329808000006
Area: 376974864000
Util: 0
