cost metrix: 745679513.17457
TNS: 1332.470657
TNSbyDisplace: 0.246274000000312
Power: 273.963234000004
Area: 372559131000
Util: 0
