cost metrix: 983394.215012956
TNS: 362.738941295664
TNSbyDisplace: 316.583395700337
Power: 1013.225
Area: 718096032000
Util: 0
