cost metrix: 749064.397457578
TNS: 736.273025757441
TNSbyDisplace: 649.45394654502
Power: 439.77500000001
Area: 707239584000
Util: 0
