cost metrix: 983394.215012956
TNS: 362.738941295664
TNSbyDisplace: 316.583395700337
Power: 1013.225
Area: 718096032000
cost metrix: 747508032.418293
TNS: 278.7306293004
TNSbyDisplace: 0.246274000000312
Power: 279.928556000004
Area: 373472694000
Util: 0
