cost metrix: 747508032.418293
TNS: 278.7306293004
TNSbyDisplace: 0.246274000000312
Power: 279.928556000004
Area: 373472694000
Util: 0
