cost metrix: 1675171.59630967
TNS: 84.2457109999994
TNSbyDisplace: 36.8089099999989
Power: 2116.39999999917
Area: 1034711424000
Util: 0
