cost metrix: 925932939.76965
TNS: 657.882765000001
TNSbyDisplace: 0.246274000000312
Power: 457.185470999899
Area: 462505995000
Util: 0
